100000 0.0136106000
110000 0.0110909000
120000 0.0120368000
130000 0.0128179000
140000 0.0141611000
150000 0.0150577000
160000 0.0162489000
170000 0.0172579000
180000 0.0185386000
190000 0.0197934000
200000 0.0208197000
210000 0.0221202000
220000 0.0230372000
230000 0.0235506000
240000 0.0247743000
250000 0.0254475000
260000 0.0262997000
270000 0.0281411000
280000 0.0296730000
290000 0.0301498000
300000 0.0314564000
310000 0.0325808000
320000 0.0332620000
330000 0.0337857000
340000 0.0354196000
350000 0.0370905000
360000 0.0384476000
370000 0.0391689000
380000 0.0398935000
390000 0.0405991000
400000 0.0420256000
410000 0.0435993000
420000 0.0446748000
430000 0.0459575000
440000 0.0468851000
450000 0.0478577000
460000 0.0482845000
470000 0.0499650000
480000 0.0511140000
490000 0.0520072000
500000 0.0533194000
